{
 "cells": [
  {
   "cell_type": "code",
   "execution_count": 1,
   "metadata": {},
   "outputs": [],
   "source": [
    "import os\n",
    "import sys\n",
    "sys.path.insert(0, os.path.abspath('../'))\n",
    "\n",
    "import numpy as np\n",
    "from matplotlib import pyplot as plt\n",
    "import arrayfire as af\n",
    "af.set_backend('cpu')\n",
    "\n",
    "from dg_maxwell import utils\n",
    "from dg_maxwell import lagrange\n",
    "\n",
    "plt.rcParams['figure.figsize']     = 12, 7.5\n",
    "plt.rcParams['lines.linewidth']    = 1.5\n",
    "plt.rcParams['font.family']        = 'serif'\n",
    "plt.rcParams['font.weight']        = 'bold'\n",
    "plt.rcParams['font.size']          = 20  \n",
    "plt.rcParams['font.sans-serif']    = 'serif'\n",
    "plt.rcParams['text.usetex']        = True\n",
    "plt.rcParams['axes.linewidth']     = 1.5\n",
    "plt.rcParams['axes.titlesize']     = 'medium'\n",
    "plt.rcParams['axes.labelsize']     = 'medium'\n",
    "\n",
    "plt.rcParams['xtick.major.size']   = 8\n",
    "plt.rcParams['xtick.minor.size']   = 4\n",
    "plt.rcParams['xtick.major.pad']    = 8\n",
    "plt.rcParams['xtick.minor.pad']    = 8\n",
    "plt.rcParams['xtick.color']        = 'k'\n",
    "plt.rcParams['xtick.labelsize']    = 'medium'\n",
    "plt.rcParams['xtick.direction']    = 'in'    \n",
    "\n",
    "plt.rcParams['ytick.major.size']   = 8\n",
    "plt.rcParams['ytick.minor.size']   = 4\n",
    "plt.rcParams['ytick.major.pad']    = 8\n",
    "plt.rcParams['ytick.minor.pad']    = 8\n",
    "plt.rcParams['ytick.color']        = 'k'\n",
    "plt.rcParams['ytick.labelsize']    = 'medium'\n",
    "plt.rcParams['ytick.direction']    = 'in'\n",
    "plt.rcParams['text.usetex']        = True\n",
    "plt.rcParams['text.latex.unicode'] = True\n"
   ]
  },
  {
   "cell_type": "code",
   "execution_count": 2,
   "metadata": {},
   "outputs": [],
   "source": [
    "N_LGL   = 8\n",
    "xi_LGL  = lagrange.LGL_points(N_LGL)\n",
    "eta_LGL = lagrange.LGL_points(N_LGL)\n",
    "\n",
    "N_quad   = N_LGL + 1\n",
    "xi_quad  = lagrange.LGL_points(N_quad)\n",
    "eta_quad = lagrange.LGL_points(N_quad)\n",
    "\n",
    "L_basis_poly1d, L_basis_af = lagrange.lagrange_polynomials(xi_LGL)\n",
    "L_basis_af = af.np_to_af_array(L_basis_af)"
   ]
  },
  {
   "cell_type": "code",
   "execution_count": 3,
   "metadata": {},
   "outputs": [],
   "source": [
    "lagrange_basis_index = af.range(N_LGL)\n",
    "Li_xi = lagrange.Li_basis_value(L_basis_af, lagrange_basis_index, xi_quad)"
   ]
  },
  {
   "cell_type": "code",
   "execution_count": 4,
   "metadata": {},
   "outputs": [
    {
     "name": "stdout",
     "output_type": "stream",
     "text": [
      "arrayfire.Array()\n",
      "Type: double\n",
      "\n",
      "[8 8 9 1]\n",
      "    1.0000    -0.0000     0.0000    -0.0000     0.0000    -0.0000     0.0000    -0.0000 \n",
      "   -0.0000     0.0000    -0.0000     0.0000    -0.0000     0.0000    -0.0000     0.0000 \n",
      "    0.0000    -0.0000     0.0000    -0.0000     0.0000    -0.0000     0.0000    -0.0000 \n",
      "   -0.0000     0.0000    -0.0000     0.0000    -0.0000     0.0000    -0.0000     0.0000 \n",
      "    0.0000    -0.0000     0.0000    -0.0000     0.0000    -0.0000     0.0000    -0.0000 \n",
      "   -0.0000     0.0000    -0.0000     0.0000    -0.0000     0.0000    -0.0000     0.0000 \n",
      "    0.0000    -0.0000     0.0000    -0.0000     0.0000    -0.0000     0.0000    -0.0000 \n",
      "   -0.0000     0.0000    -0.0000     0.0000    -0.0000     0.0000    -0.0000     0.0000 \n",
      "\n",
      "    0.0124     0.1074    -0.0124     0.0061    -0.0038     0.0026    -0.0017     0.0007 \n",
      "    0.1074     0.9336    -0.1080     0.0530    -0.0330     0.0223    -0.0148     0.0057 \n",
      "   -0.0124    -0.1080     0.0125    -0.0061     0.0038    -0.0026     0.0017    -0.0007 \n",
      "    0.0061     0.0530    -0.0061     0.0030    -0.0019     0.0013    -0.0008     0.0003 \n",
      "   -0.0038    -0.0330     0.0038    -0.0019     0.0012    -0.0008     0.0005    -0.0002 \n",
      "    0.0026     0.0223    -0.0026     0.0013    -0.0008     0.0005    -0.0004     0.0001 \n",
      "   -0.0017    -0.0148     0.0017    -0.0008     0.0005    -0.0004     0.0002    -0.0001 \n",
      "    0.0007     0.0057    -0.0007     0.0003    -0.0002     0.0001    -0.0001     0.0000 \n",
      "\n",
      "    0.0058    -0.0234    -0.0678     0.0136    -0.0072     0.0046    -0.0029     0.0011 \n",
      "   -0.0234     0.0943     0.2732    -0.0549     0.0290    -0.0184     0.0119    -0.0045 \n",
      "   -0.0678     0.2732     0.7911    -0.1589     0.0839    -0.0533     0.0343    -0.0130 \n",
      "    0.0136    -0.0549    -0.1589     0.0319    -0.0169     0.0107    -0.0069     0.0026 \n",
      "   -0.0072     0.0290     0.0839    -0.0169     0.0089    -0.0057     0.0036    -0.0014 \n",
      "    0.0046    -0.0184    -0.0533     0.0107    -0.0057     0.0036    -0.0023     0.0009 \n",
      "   -0.0029     0.0119     0.0343    -0.0069     0.0036    -0.0023     0.0015    -0.0006 \n",
      "    0.0011    -0.0045    -0.0130     0.0026    -0.0014     0.0009    -0.0006     0.0002 \n",
      "\n",
      "    0.0030    -0.0092     0.0262     0.0428    -0.0115     0.0063    -0.0038     0.0014 \n",
      "   -0.0092     0.0281    -0.0796    -0.1301     0.0350    -0.0191     0.0116    -0.0043 \n",
      "    0.0262    -0.0796     0.2255     0.3684    -0.0990     0.0540    -0.0328     0.0122 \n",
      "    0.0428    -0.1301     0.3684     0.6020    -0.1618     0.0882    -0.0536     0.0200 \n",
      "   -0.0115     0.0350    -0.0990    -0.1618     0.0435    -0.0237     0.0144    -0.0054 \n",
      "    0.0063    -0.0191     0.0540     0.0882    -0.0237     0.0129    -0.0079     0.0029 \n",
      "   -0.0038     0.0116    -0.0328    -0.0536     0.0144    -0.0079     0.0048    -0.0018 \n",
      "    0.0014    -0.0043     0.0122     0.0200    -0.0054     0.0029    -0.0018     0.0007 \n",
      "\n",
      "    0.0015    -0.0043     0.0080    -0.0248    -0.0248     0.0080    -0.0043     0.0015 \n",
      "   -0.0043     0.0118    -0.0222     0.0690     0.0690    -0.0222     0.0118    -0.0043 \n",
      "    0.0080    -0.0222     0.0416    -0.1294    -0.1294     0.0416    -0.0222     0.0080 \n",
      "   -0.0248     0.0690    -0.1294     0.4023     0.4023    -0.1294     0.0690    -0.0248 \n",
      "   -0.0248     0.0690    -0.1294     0.4023     0.4023    -0.1294     0.0690    -0.0248 \n",
      "    0.0080    -0.0222     0.0416    -0.1294    -0.1294     0.0416    -0.0222     0.0080 \n",
      "   -0.0043     0.0118    -0.0222     0.0690     0.0690    -0.0222     0.0118    -0.0043 \n",
      "    0.0015    -0.0043     0.0080    -0.0248    -0.0248     0.0080    -0.0043     0.0015 \n",
      "\n",
      "    0.0007    -0.0018     0.0029    -0.0054     0.0200     0.0122    -0.0043     0.0014 \n",
      "   -0.0018     0.0048    -0.0079     0.0144    -0.0536    -0.0328     0.0116    -0.0038 \n",
      "    0.0029    -0.0079     0.0129    -0.0237     0.0882     0.0540    -0.0191     0.0063 \n",
      "   -0.0054     0.0144    -0.0237     0.0435    -0.1618    -0.0990     0.0350    -0.0115 \n",
      "    0.0200    -0.0536     0.0882    -0.1618     0.6020     0.3684    -0.1301     0.0428 \n",
      "    0.0122    -0.0328     0.0540    -0.0990     0.3684     0.2255    -0.0796     0.0262 \n",
      "   -0.0043     0.0116    -0.0191     0.0350    -0.1301    -0.0796     0.0281    -0.0092 \n",
      "    0.0014    -0.0038     0.0063    -0.0115     0.0428     0.0262    -0.0092     0.0030 \n",
      "\n",
      "    0.0002    -0.0006     0.0009    -0.0014     0.0026    -0.0130    -0.0045     0.0011 \n",
      "   -0.0006     0.0015    -0.0023     0.0036    -0.0069     0.0343     0.0119    -0.0029 \n",
      "    0.0009    -0.0023     0.0036    -0.0057     0.0107    -0.0533    -0.0184     0.0046 \n",
      "   -0.0014     0.0036    -0.0057     0.0089    -0.0169     0.0839     0.0290    -0.0072 \n",
      "    0.0026    -0.0069     0.0107    -0.0169     0.0319    -0.1589    -0.0549     0.0136 \n",
      "   -0.0130     0.0343    -0.0533     0.0839    -0.1589     0.7911     0.2732    -0.0678 \n",
      "   -0.0045     0.0119    -0.0184     0.0290    -0.0549     0.2732     0.0943    -0.0234 \n",
      "    0.0011    -0.0029     0.0046    -0.0072     0.0136    -0.0678    -0.0234     0.0058 \n",
      "\n",
      "    0.0000    -0.0001     0.0001    -0.0002     0.0003    -0.0007     0.0057     0.0007 \n",
      "   -0.0001     0.0002    -0.0004     0.0005    -0.0008     0.0017    -0.0148    -0.0017 \n",
      "    0.0001    -0.0004     0.0005    -0.0008     0.0013    -0.0026     0.0223     0.0026 \n",
      "   -0.0002     0.0005    -0.0008     0.0012    -0.0019     0.0038    -0.0330    -0.0038 \n",
      "    0.0003    -0.0008     0.0013    -0.0019     0.0030    -0.0061     0.0530     0.0061 \n",
      "   -0.0007     0.0017    -0.0026     0.0038    -0.0061     0.0125    -0.1080    -0.0124 \n",
      "    0.0057    -0.0148     0.0223    -0.0330     0.0530    -0.1080     0.9336     0.1074 \n",
      "    0.0007    -0.0017     0.0026    -0.0038     0.0061    -0.0124     0.1074     0.0124 \n",
      "\n",
      "    0.0000    -0.0000     0.0000    -0.0000     0.0000    -0.0000     0.0000    -0.0000 \n",
      "   -0.0000     0.0000    -0.0000     0.0000    -0.0000     0.0000    -0.0000     0.0000 \n",
      "    0.0000    -0.0000     0.0000    -0.0000     0.0000    -0.0000     0.0000    -0.0000 \n",
      "   -0.0000     0.0000    -0.0000     0.0000    -0.0000     0.0000    -0.0000     0.0000 \n",
      "    0.0000    -0.0000     0.0000    -0.0000     0.0000    -0.0000     0.0000    -0.0000 \n",
      "   -0.0000     0.0000    -0.0000     0.0000    -0.0000     0.0000    -0.0000     0.0000 \n",
      "    0.0000    -0.0000     0.0000    -0.0000     0.0000    -0.0000     0.0000    -0.0000 \n",
      "   -0.0000     0.0000    -0.0000     0.0000    -0.0000     0.0000    -0.0000     1.0000 \n",
      "\n",
      "\n",
      "\n"
     ]
    }
   ],
   "source": [
    "print(utils.outer_prod(Li_xi, Li_xi))"
   ]
  },
  {
   "cell_type": "code",
   "execution_count": null,
   "metadata": {},
   "outputs": [],
   "source": []
  }
 ],
 "metadata": {
  "kernelspec": {
   "display_name": "Python 3",
   "language": "python",
   "name": "python3"
  },
  "language_info": {
   "codemirror_mode": {
    "name": "ipython",
    "version": 3
   },
   "file_extension": ".py",
   "mimetype": "text/x-python",
   "name": "python",
   "nbconvert_exporter": "python",
   "pygments_lexer": "ipython3",
   "version": "3.5.2"
  }
 },
 "nbformat": 4,
 "nbformat_minor": 2
}
