{
 "cells": [
  {
   "cell_type": "code",
   "execution_count": 1,
   "metadata": {},
   "outputs": [
    {
     "name": "stdout",
     "output_type": "stream",
     "text": [
      "gmshtranslator friendly reminder: rules and actions prototypes\n",
      "\n",
      "\n",
      "def node_condition(tag,x,y,z,physgroups): \n",
      "def node_action(tag,x,y,z):\n",
      "def element_condition(eletag,eletype,physgrp,nodes):\n",
      "def element_action(eletag,eletype,physgrp,nodes):\n"
     ]
    },
    {
     "name": "stderr",
     "output_type": "stream",
     "text": [
      "/home/ubermensch/.local/anaconda3/lib/python3.6/site-packages/numpy/lib/polynomial.py:1193: FutureWarning: In the future extra properties will not be copied across when constructing one poly1d from another\n",
      "  other = poly1d(other)\n",
      "/home/ubermensch/.local/anaconda3/lib/python3.6/site-packages/numpy/lib/polynomial.py:1220: FutureWarning: In the future extra properties will not be copied across when constructing one poly1d from another\n",
      "  other = poly1d(other)\n"
     ]
    }
   ],
   "source": [
    "import os\n",
    "import sys\n",
    "sys.path.insert(0, os.path.abspath('../'))\n",
    "\n",
    "import numpy as np\n",
    "from matplotlib import pyplot as plt\n",
    "from mpl_toolkits.mplot3d import Axes3D as ax\n",
    "import arrayfire as af\n",
    "\n",
    "from dg_maxwell import params\n",
    "from dg_maxwell import utils\n",
    "from dg_maxwell import lagrange\n",
    "from dg_maxwell import wave_equation_2d as w2d\n",
    "from dg_maxwell import msh_parser\n",
    "from dg_maxwell import isoparam\n",
    "\n",
    "af.set_backend(params.backend)"
   ]
  },
  {
   "cell_type": "code",
   "execution_count": 2,
   "metadata": {},
   "outputs": [
    {
     "name": "stdout",
     "output_type": "stream",
     "text": [
      "gmshTranslator: Initializing...\n",
      "gmshTranslator: Mesh has 9 nodes.\n",
      "gmshTranslator: Mesh has 9 elements.\n",
      "gmshTranslator: Processed 22 lines.\n",
      "gmshTranslator: There are 1 physical groups available: \n",
      "gmshTranslator:      > 0\n",
      "gmshTranslator: Parsing nodes\n",
      "gmshTranslator: Parsing elements\n",
      "gmshTranslator: No rules for elements... skipping elements.\n",
      "gmshTranslator: Parsing nodes\n",
      "gmshTranslator: No rules for nodes... skipping nodes.\n",
      "gmshTranslator: Parsing elements\n"
     ]
    }
   ],
   "source": [
    "nodes, elements = msh_parser.read_order_2_msh('read_and_plot_mesh/mesh/square_1.msh')"
   ]
  },
  {
   "cell_type": "code",
   "execution_count": 27,
   "metadata": {
    "scrolled": true
   },
   "outputs": [
    {
     "name": "stderr",
     "output_type": "stream",
     "text": [
      "/home/ubermensch/.local/anaconda3/lib/python3.6/site-packages/numpy/lib/polynomial.py:1193: FutureWarning: In the future extra properties will not be copied across when constructing one poly1d from another\n",
      "  other = poly1d(other)\n",
      "/home/ubermensch/.local/anaconda3/lib/python3.6/site-packages/numpy/lib/polynomial.py:1220: FutureWarning: In the future extra properties will not be copied across when constructing one poly1d from another\n",
      "  other = poly1d(other)\n"
     ]
    }
   ],
   "source": [
    "N_LGL   = 8\n",
    "\n",
    "xi_LGL  = lagrange.LGL_points(N_LGL)\n",
    "eta_LGL = lagrange.LGL_points(N_LGL)\n",
    "\n",
    "Xi_LGL, Eta_LGL = utils.af_meshgrid(xi_LGL, eta_LGL)\n",
    "xi_i  = af.flat(Xi_LGL)\n",
    "eta_j = af.flat(Eta_LGL)\n",
    "\n",
    "_, Lp_xi  = lagrange.lagrange_polynomials(xi_LGL)\n",
    "_, Lq_eta = lagrange.lagrange_polynomials(eta_LGL)\n",
    "Lp_xi = af.np_to_af_array(Lp_xi)\n",
    "Lq_eta = af.np_to_af_array(Lq_eta)\n",
    "\n",
    "dLp_dxi_coeffs  = utils.polynomial_derivative(Lp_xi)\n",
    "dLq_deta_coeffs = utils.polynomial_derivative(Lq_eta)"
   ]
  },
  {
   "cell_type": "code",
   "execution_count": 32,
   "metadata": {},
   "outputs": [],
   "source": [
    "Lp_xi_tp = af.reorder(Lp_xi, d0 = 2, d1 = 0, d2 = 1)\n",
    "Lp_xi_tp = af.tile(Lp_xi_tp, d0 = N_LGL)\n",
    "Lp_xi_tp = af.moddims(Lp_xi_tp, d0 = N_LGL * N_LGL, d1 = 1, d2 = N_LGL)\n",
    "Lp_xi_tp = af.reorder(Lp_xi_tp, d0 = 0, d1 = 2, d2 = 1)\n",
    "\n",
    "Lq_eta_tp = af.reorder(Lq_eta, d0 = 0, d1 = 2, d2 = 1)\n",
    "Lq_eta_tp = af.tile(Lq_eta_tp, d0 = N_LGL)\n",
    "Lq_eta_tp = af.reorder(Lq_eta_tp, d0 = 0, d1 = 2, d2 = 1)"
   ]
  },
  {
   "cell_type": "code",
   "execution_count": 33,
   "metadata": {},
   "outputs": [],
   "source": [
    "dxi_dx  = w2d.dxi_dx(nodes[elements[0]][:, 0], nodes[elements[0]][:, 1], xi_i, eta_j)\n",
    "dxi_dy  = w2d.dxi_dy(nodes[elements[0]][:, 0], nodes[elements[0]][:, 1], xi_i, eta_j)\n",
    "deta_dx = w2d.deta_dx(nodes[elements[0]][:, 0], nodes[elements[0]][:, 1], xi_i, eta_j)\n",
    "deta_dy = w2d.deta_dy(nodes[elements[0]][:, 0], nodes[elements[0]][:, 1], xi_i, eta_j)"
   ]
  },
  {
   "cell_type": "code",
   "execution_count": 34,
   "metadata": {
    "collapsed": true
   },
   "outputs": [],
   "source": [
    "def F_xi(u):\n",
    "    '''\n",
    "    '''\n",
    "    F_xi_u = w2d.F_x(u) * dxi_dx + w2d.F_y(u) * dxi_dy\n",
    "\n",
    "    return F_xi_u\n",
    "\n",
    "def F_eta(u):\n",
    "    '''\n",
    "    '''\n",
    "    F_eta_u = w2d.F_x(u) * deta_dx + w2d.F_y(u) * deta_dy\n",
    "    return F_eta_u"
   ]
  },
  {
   "cell_type": "code",
   "execution_count": 35,
   "metadata": {},
   "outputs": [],
   "source": [
    "def g_dd(x_nodes, y_nodes, xi, eta):\n",
    "    '''\n",
    "    '''\n",
    "    ans00  =   (w2d.dx_dxi(x_nodes, xi, eta))**2 \\\n",
    "             + (w2d.dy_dxi(y_nodes, xi, eta))**2\n",
    "    ans11  =   (w2d.dx_deta(x_nodes, xi, eta))**2 \\\n",
    "             + (w2d.dy_deta(y_nodes, xi, eta))**2\n",
    "    \n",
    "    ans01  =  (w2d.dx_dxi(x_nodes, xi, eta))  \\\n",
    "            * (w2d.dx_deta(x_nodes, xi, eta)) \\\n",
    "            + (w2d.dy_dxi(y_nodes, xi, eta))  \\\n",
    "            * (w2d.dy_deta(y_nodes, xi, eta))\n",
    "    \n",
    "    ans =  [[ans00, ans01],\n",
    "            [ans01, ans11]\n",
    "           ]\n",
    "    \n",
    "    return ans\n",
    "\n",
    "\n",
    "def g_uu(x_nodes, y_nodes, xi, eta):\n",
    "    gCov = g_dd(x_nodes, y_nodes, xi, eta)\n",
    "    \n",
    "    \n",
    "    a = gCov[0][0]\n",
    "    b = gCov[0][1]\n",
    "    c = gCov[1][0]\n",
    "    d = gCov[1][1]\n",
    "    \n",
    "    det = (a*d - b*c)\n",
    "    \n",
    "    ans = [[d / det, -b / det],\n",
    "           [-c / det, a / det]]\n",
    "    \n",
    "    return ans"
   ]
  },
  {
   "cell_type": "code",
   "execution_count": 38,
   "metadata": {
    "collapsed": true
   },
   "outputs": [
    {
     "name": "stdout",
     "output_type": "stream",
     "text": [
      "arrayfire.Array()\n",
      "Type: double\n",
      "\n",
      "[8 8 64 1]\n",
      "   11.2330   -11.2330   -12.9611    12.9611     3.5349    -3.5349    -0.1309     0.1309 \n",
      "  -11.2330    11.2330    12.9611   -12.9611    -3.5349     3.5349     0.1309    -0.1309 \n",
      "  -12.9611    12.9611    14.9551   -14.9551    -4.0787     4.0787     0.1511    -0.1511 \n",
      "   12.9611   -12.9611   -14.9551    14.9551     4.0787    -4.0787    -0.1511     0.1511 \n",
      "    3.5349    -3.5349    -4.0787     4.0787     1.1124    -1.1124    -0.0412     0.0412 \n",
      "   -3.5349     3.5349     4.0787    -4.0787    -1.1124     1.1124     0.0412    -0.0412 \n",
      "   -0.1309     0.1309     0.1511    -0.1511    -0.0412     0.0412     0.0015    -0.0015 \n",
      "    0.1309    -0.1309    -0.1511     0.1511     0.0412    -0.0412    -0.0015     0.0015 \n",
      "\n",
      "  -27.2841    27.2841    31.4817   -31.4817    -8.5859     8.5859     0.3180    -0.3180 \n",
      "   23.7847   -23.7847   -27.4439    27.4439     7.4847    -7.4847    -0.2772     0.2772 \n",
      "   38.0318   -38.0318   -43.8828    43.8828    11.9680   -11.9680    -0.4433     0.4433 \n",
      "  -33.1538    33.1538    38.2544   -38.2544   -10.4330    10.4330     0.3864    -0.3864 \n",
      "  -11.1661    11.1661    12.8840   -12.8840    -3.5138     3.5138     0.1301    -0.1301 \n",
      "    9.7339    -9.7339   -11.2315    11.2315     3.0631    -3.0631    -0.1134     0.1134 \n",
      "    0.4185    -0.4185    -0.4828     0.4828     0.1317    -0.1317    -0.0049     0.0049 \n",
      "   -0.3648     0.3648     0.4209    -0.4209    -0.1148     0.1148     0.0043    -0.0043 \n",
      "\n",
      "   34.7159   -34.7159   -40.0569    40.0569    10.9246   -10.9246    -0.4046     0.4046 \n",
      "  -20.5414    20.5414    23.7016   -23.7016    -6.4641     6.4641     0.2394    -0.2394 \n",
      "  -62.6184    62.6184    72.2520   -72.2520   -19.7051    19.7051     0.7298    -0.7298 \n",
      "   37.0513   -37.0513   -42.7515    42.7515    11.6595   -11.6595    -0.4318     0.4318 \n",
      "   29.0582   -29.0582   -33.5287    33.5287     9.1442    -9.1442    -0.3387     0.3387 \n",
      "  -17.1937    17.1937    19.8389   -19.8389    -5.4106     5.4106     0.2004    -0.2004 \n",
      "   -1.1557     1.1557     1.3335    -1.3335    -0.3637     0.3637     0.0135    -0.0135 \n",
      "    0.6838    -0.6838    -0.7890     0.7890     0.2152    -0.2152    -0.0080     0.0080 \n",
      "\n",
      "  -38.1737    38.1737    44.0465   -44.0465   -12.0127    12.0127     0.4449    -0.4449 \n",
      "    7.9897    -7.9897    -9.2189     9.2189     2.5142    -2.5142    -0.0931     0.0931 \n",
      "   80.5480   -80.5480   -92.9400    92.9400    25.3473   -25.3473    -0.9388     0.9388 \n",
      "  -16.8586    16.8586    19.4523   -19.4523    -5.3052     5.3052     0.1965    -0.1965 \n",
      "  -52.5307    52.5307    60.6124   -60.6124   -16.5307    16.5307     0.6122    -0.6122 \n",
      "   10.9946   -10.9946   -12.6861    12.6861     3.4599    -3.4599    -0.1281     0.1281 \n",
      "   10.1564   -10.1564   -11.7190    11.7190     3.1961    -3.1961    -0.1184     0.1184 \n",
      "   -2.1257     2.1257     2.4528    -2.4528    -0.6689     0.6689     0.0248    -0.0248 \n",
      "\n",
      "   38.1737   -38.1737   -44.0465    44.0465    12.0127   -12.0127    -0.4449     0.4449 \n",
      "    7.9897    -7.9897    -9.2189     9.2189     2.5142    -2.5142    -0.0931     0.0931 \n",
      "  -80.5480    80.5480    92.9400   -92.9400   -25.3473    25.3473     0.9388    -0.9388 \n",
      "  -16.8586    16.8586    19.4523   -19.4523    -5.3052     5.3052     0.1965    -0.1965 \n",
      "   52.5307   -52.5307   -60.6124    60.6124    16.5307   -16.5307    -0.6122     0.6122 \n",
      "   10.9946   -10.9946   -12.6861    12.6861     3.4599    -3.4599    -0.1281     0.1281 \n",
      "  -10.1564    10.1564    11.7190   -11.7190    -3.1961     3.1961     0.1184    -0.1184 \n",
      "   -2.1257     2.1257     2.4528    -2.4528    -0.6689     0.6689     0.0248    -0.0248 \n",
      "\n",
      "  -34.7159    34.7159    40.0569   -40.0569   -10.9246    10.9246     0.4046    -0.4046 \n",
      "  -20.5414    20.5414    23.7016   -23.7016    -6.4641     6.4641     0.2394    -0.2394 \n",
      "   62.6184   -62.6184   -72.2520    72.2520    19.7051   -19.7051    -0.7298     0.7298 \n",
      "   37.0513   -37.0513   -42.7515    42.7515    11.6595   -11.6595    -0.4318     0.4318 \n",
      "  -29.0582    29.0582    33.5287   -33.5287    -9.1442     9.1442     0.3387    -0.3387 \n",
      "  -17.1937    17.1937    19.8389   -19.8389    -5.4106     5.4106     0.2004    -0.2004 \n",
      "    1.1557    -1.1557    -1.3335     1.3335     0.3637    -0.3637    -0.0135     0.0135 \n",
      "    0.6838    -0.6838    -0.7890     0.7890     0.2152    -0.2152    -0.0080     0.0080 \n",
      "\n",
      "   27.2841   -27.2841   -31.4817    31.4817     8.5859    -8.5859    -0.3180     0.3180 \n",
      "   23.7847   -23.7847   -27.4439    27.4439     7.4847    -7.4847    -0.2772     0.2772 \n",
      "  -38.0318    38.0318    43.8828   -43.8828   -11.9680    11.9680     0.4433    -0.4433 \n",
      "  -33.1538    33.1538    38.2544   -38.2544   -10.4330    10.4330     0.3864    -0.3864 \n",
      "   11.1661   -11.1661   -12.8840    12.8840     3.5138    -3.5138    -0.1301     0.1301 \n",
      "    9.7339    -9.7339   -11.2315    11.2315     3.0631    -3.0631    -0.1134     0.1134 \n",
      "   -0.4185     0.4185     0.4828    -0.4828    -0.1317     0.1317     0.0049    -0.0049 \n",
      "   -0.3648     0.3648     0.4209    -0.4209    -0.1148     0.1148     0.0043    -0.0043 \n",
      "\n",
      "  -11.2330    11.2330    12.9611   -12.9611    -3.5349     3.5349     0.1309    -0.1309 \n",
      "  -11.2330    11.2330    12.9611   -12.9611    -3.5349     3.5349     0.1309    -0.1309 \n",
      "   12.9611   -12.9611   -14.9551    14.9551     4.0787    -4.0787    -0.1511     0.1511 \n",
      "   12.9611   -12.9611   -14.9551    14.9551     4.0787    -4.0787    -0.1511     0.1511 \n",
      "   -3.5349     3.5349     4.0787    -4.0787    -1.1124     1.1124     0.0412    -0.0412 \n",
      "   -3.5349     3.5349     4.0787    -4.0787    -1.1124     1.1124     0.0412    -0.0412 \n",
      "    0.1309    -0.1309    -0.1511     0.1511     0.0412    -0.0412    -0.0015     0.0015 \n",
      "    0.1309    -0.1309    -0.1511     0.1511     0.0412    -0.0412    -0.0015     0.0015 \n",
      "\n",
      "  -27.2841    23.7847    38.0318   -33.1538   -11.1661     9.7339     0.4185    -0.3648 \n",
      "   27.2841   -23.7847   -38.0318    33.1538    11.1661    -9.7339    -0.4185     0.3648 \n",
      "   31.4817   -27.4439   -43.8828    38.2544    12.8840   -11.2315    -0.4828     0.4209 \n",
      "  -31.4817    27.4439    43.8828   -38.2544   -12.8840    11.2315     0.4828    -0.4209 \n",
      "   -8.5859     7.4847    11.9680   -10.4330    -3.5138     3.0631     0.1317    -0.1148 \n",
      "    8.5859    -7.4847   -11.9680    10.4330     3.5138    -3.0631    -0.1317     0.1148 \n",
      "    0.3180    -0.2772    -0.4433     0.3864     0.1301    -0.1134    -0.0049     0.0043 \n",
      "   -0.3180     0.2772     0.4433    -0.3864    -0.1301     0.1134     0.0049    -0.0043 \n",
      "\n",
      "   66.2714   -57.7714   -92.3767    80.5285    27.1217   -23.6431    -1.0164     0.8860 \n",
      "  -57.7714    50.3617    80.5285   -70.1999   -23.6431    20.6106     0.8860    -0.7724 \n",
      "  -92.3767    80.5285   128.7652  -112.2498   -37.8054    32.9564     1.4168    -1.2351 \n",
      "   80.5285   -70.1999  -112.2498    97.8527    32.9564   -28.7295    -1.2351     1.0767 \n",
      "   27.1217   -23.6431   -37.8054    32.9564    11.0996    -9.6760    -0.4160     0.3626 \n",
      "  -23.6431    20.6106    32.9564   -28.7295    -9.6760     8.4349     0.3626    -0.3161 \n",
      "   -1.0164     0.8860     1.4168    -1.2351    -0.4160     0.3626     0.0156    -0.0136 \n",
      "    0.8860    -0.7724    -1.2351     1.0767     0.3626    -0.3161    -0.0136     0.0118 \n",
      "\n",
      "  -84.3227    73.5075   117.5387  -102.4632   -34.5093    30.0831     1.2933    -1.1274 \n",
      "   49.8938   -43.4944   -69.5477    60.6275    20.4191   -17.8002    -0.7652     0.6671 \n",
      "  152.0960  -132.5882  -212.0090   184.8167    62.2456   -54.2620    -2.3327     2.0335 \n",
      "  -89.9952    78.4525   125.4457  -109.3561   -36.8307    32.1068     1.3803    -1.2032 \n",
      "  -70.5804    61.5277    98.3831   -85.7645   -28.8852    25.1804     1.0825    -0.9436 \n",
      "   41.7624   -36.4060   -58.2133    50.7468    17.0914   -14.8992    -0.6405     0.5584 \n",
      "    2.8071    -2.4470    -3.9128     3.4110     1.1488    -1.0015    -0.0431     0.0375 \n",
      "   -1.6609     1.4479     2.3152    -2.0183    -0.6797     0.5926     0.0255    -0.0222 \n",
      "\n",
      "   92.7213   -80.8289  -129.2457   112.6686    37.9464   -33.0794    -1.4221     1.2397 \n",
      "  -19.4065    16.9174    27.0510   -23.5815    -7.9422     6.9235     0.2976    -0.2595 \n",
      " -195.6457   170.5522   272.7135  -237.7353   -80.0684    69.7989     3.0006    -2.6157 \n",
      "   40.9485   -35.6964   -57.0787    49.7578    16.7583   -14.6088    -0.6280     0.5475 \n",
      "  127.5937  -111.2285  -177.8548   155.0432    52.2180   -45.5205    -1.9569     1.7059 \n",
      "  -26.7053    23.2800    37.2249   -32.4504   -10.9292     9.5274     0.4096    -0.3570 \n",
      "  -24.6693    21.5052    34.3869   -29.9765   -10.0960     8.8011     0.3784    -0.3298 \n",
      "    5.1633    -4.5010    -7.1972     6.2741     2.1131    -1.8421    -0.0792     0.0690 \n",
      "\n",
      "  -92.7213    80.8289   129.2457  -112.6686   -37.9464    33.0794     1.4221    -1.2397 \n",
      "  -19.4065    16.9174    27.0510   -23.5815    -7.9422     6.9235     0.2976    -0.2595 \n",
      "  195.6457  -170.5522  -272.7135   237.7353    80.0684   -69.7989    -3.0006     2.6157 \n",
      "   40.9485   -35.6964   -57.0787    49.7578    16.7583   -14.6088    -0.6280     0.5475 \n",
      " -127.5937   111.2285   177.8548  -155.0432   -52.2180    45.5205     1.9569    -1.7059 \n",
      "  -26.7053    23.2800    37.2249   -32.4504   -10.9292     9.5274     0.4096    -0.3570 \n",
      "   24.6693   -21.5052   -34.3869    29.9765    10.0960    -8.8011    -0.3784     0.3298 \n",
      "    5.1633    -4.5010    -7.1972     6.2741     2.1131    -1.8421    -0.0792     0.0690 \n",
      "\n",
      "   84.3227   -73.5075  -117.5387   102.4632    34.5093   -30.0831    -1.2933     1.1274 \n",
      "   49.8938   -43.4944   -69.5477    60.6275    20.4191   -17.8002    -0.7652     0.6671 \n",
      " -152.0960   132.5882   212.0090  -184.8167   -62.2456    54.2620     2.3327    -2.0335 \n",
      "  -89.9952    78.4525   125.4457  -109.3561   -36.8307    32.1068     1.3803    -1.2032 \n",
      "   70.5804   -61.5277   -98.3831    85.7645    28.8852   -25.1804    -1.0825     0.9436 \n",
      "   41.7624   -36.4060   -58.2133    50.7468    17.0914   -14.8992    -0.6405     0.5584 \n",
      "   -2.8071     2.4470     3.9128    -3.4110    -1.1488     1.0015     0.0431    -0.0375 \n",
      "   -1.6609     1.4479     2.3152    -2.0183    -0.6797     0.5926     0.0255    -0.0222 \n",
      "\n",
      "  -66.2714    57.7714    92.3767   -80.5285   -27.1217    23.6431     1.0164    -0.8860 \n",
      "  -57.7714    50.3617    80.5285   -70.1999   -23.6431    20.6106     0.8860    -0.7724 \n",
      "   92.3767   -80.5285  -128.7652   112.2498    37.8054   -32.9564    -1.4168     1.2351 \n",
      "   80.5285   -70.1999  -112.2498    97.8527    32.9564   -28.7295    -1.2351     1.0767 \n",
      "  -27.1217    23.6431    37.8054   -32.9564   -11.0996     9.6760     0.4160    -0.3626 \n",
      "  -23.6431    20.6106    32.9564   -28.7295    -9.6760     8.4349     0.3626    -0.3161 \n",
      "    1.0164    -0.8860    -1.4168     1.2351     0.4160    -0.3626    -0.0156     0.0136 \n",
      "    0.8860    -0.7724    -1.2351     1.0767     0.3626    -0.3161    -0.0136     0.0118 \n",
      "\n",
      "   27.2841   -23.7847   -38.0318    33.1538    11.1661    -9.7339    -0.4185     0.3648 \n",
      "   27.2841   -23.7847   -38.0318    33.1538    11.1661    -9.7339    -0.4185     0.3648 \n",
      "  -31.4817    27.4439    43.8828   -38.2544   -12.8840    11.2315     0.4828    -0.4209 \n",
      "  -31.4817    27.4439    43.8828   -38.2544   -12.8840    11.2315     0.4828    -0.4209 \n",
      "    8.5859    -7.4847   -11.9680    10.4330     3.5138    -3.0631    -0.1317     0.1148 \n",
      "    8.5859    -7.4847   -11.9680    10.4330     3.5138    -3.0631    -0.1317     0.1148 \n",
      "   -0.3180     0.2772     0.4433    -0.3864    -0.1301     0.1134     0.0049    -0.0043 \n",
      "   -0.3180     0.2772     0.4433    -0.3864    -0.1301     0.1134     0.0049    -0.0043 \n",
      "\n",
      "   34.7159   -20.5414   -62.6184    37.0513    29.0582   -17.1937    -1.1557     0.6838 \n",
      "  -34.7159    20.5414    62.6184   -37.0513   -29.0582    17.1937     1.1557    -0.6838 \n",
      "  -40.0569    23.7016    72.2520   -42.7515   -33.5287    19.8389     1.3335    -0.7890 \n",
      "   40.0569   -23.7016   -72.2520    42.7515    33.5287   -19.8389    -1.3335     0.7890 \n",
      "   10.9246    -6.4641   -19.7051    11.6595     9.1442    -5.4106    -0.3637     0.2152 \n",
      "  -10.9246     6.4641    19.7051   -11.6595    -9.1442     5.4106     0.3637    -0.2152 \n",
      "   -0.4046     0.2394     0.7298    -0.4318    -0.3387     0.2004     0.0135    -0.0080 \n",
      "    0.4046    -0.2394    -0.7298     0.4318     0.3387    -0.2004    -0.0135     0.0080 \n",
      "\n",
      "  -84.3227    49.8938   152.0960   -89.9952   -70.5804    41.7624     2.8071    -1.6609 \n",
      "   73.5075   -43.4944  -132.5882    78.4525    61.5277   -36.4060    -2.4470     1.4479 \n",
      "  117.5387   -69.5477  -212.0090   125.4457    98.3831   -58.2133    -3.9128     2.3152 \n",
      " -102.4632    60.6275   184.8167  -109.3561   -85.7645    50.7468     3.4110    -2.0183 \n",
      "  -34.5093    20.4191    62.2456   -36.8307   -28.8852    17.0914     1.1488    -0.6797 \n",
      "   30.0831   -17.8002   -54.2620    32.1068    25.1804   -14.8992    -1.0015     0.5926 \n",
      "    1.2933    -0.7652    -2.3327     1.3803     1.0825    -0.6405    -0.0431     0.0255 \n",
      "   -1.1274     0.6671     2.0335    -1.2032    -0.9436     0.5584     0.0375    -0.0222 \n",
      "\n",
      "  107.2910   -63.4841  -193.5247   114.5086    89.8054   -53.1379    -3.5717     2.1134 \n",
      "  -63.4841    37.5636   114.5086   -67.7548   -53.1379    31.4417     2.1134    -1.2505 \n",
      " -193.5247   114.5086   349.0678  -206.5435  -161.9854    95.8468     6.4424    -3.8120 \n",
      "  114.5086   -67.7548  -206.5435   122.2118    95.8468   -56.7126    -3.8120     2.2555 \n",
      "   89.8054   -53.1379  -161.9854    95.8468    75.1695   -44.4778    -2.9896     1.7689 \n",
      "  -53.1379    31.4417    95.8468   -56.7126   -44.4778    26.3175     1.7689    -1.0467 \n",
      "   -3.5717     2.1134     6.4424    -3.8120    -2.9896     1.7689     0.1189    -0.0704 \n",
      "    2.1134    -1.2505    -3.8120     2.2555     1.7689    -1.0467    -0.0704     0.0416 \n",
      "\n",
      " -117.9772    69.8072   212.7999  -125.9138   -98.7501    58.4305     3.9274    -2.3239 \n",
      "   24.6925   -14.6106   -44.5389    26.3537    20.6683   -12.2294    -0.8220     0.4864 \n",
      "  248.9367  -147.2959  -449.0164   265.6831   208.3667  -123.2906    -8.2870     4.9034 \n",
      "  -52.1023    30.8289    93.9788   -55.6073   -43.6110    25.8046     1.7345    -1.0263 \n",
      " -162.3483    96.0615   292.8337  -173.2698  -135.8899    80.4061     5.4045    -3.1979 \n",
      "   33.9794   -20.1056   -61.2899    36.2652    28.4416   -16.8289    -1.1312     0.6693 \n",
      "   31.3889   -18.5728   -56.6173    33.5005    26.2733   -15.5459    -1.0449     0.6183 \n",
      "   -6.5697     3.8873    11.8500    -7.0116    -5.4990     3.2538     0.2187    -0.1294 \n",
      "\n",
      "  117.9772   -69.8072  -212.7999   125.9138    98.7501   -58.4305    -3.9274     2.3239 \n",
      "   24.6925   -14.6106   -44.5389    26.3537    20.6683   -12.2294    -0.8220     0.4864 \n",
      " -248.9367   147.2959   449.0164  -265.6831  -208.3667   123.2906     8.2870    -4.9034 \n",
      "  -52.1023    30.8289    93.9788   -55.6073   -43.6110    25.8046     1.7345    -1.0263 \n",
      "  162.3483   -96.0615  -292.8337   173.2698   135.8899   -80.4061    -5.4045     3.1979 \n",
      "   33.9794   -20.1056   -61.2899    36.2652    28.4416   -16.8289    -1.1312     0.6693 \n",
      "  -31.3889    18.5728    56.6173   -33.5005   -26.2733    15.5459     1.0449    -0.6183 \n",
      "   -6.5697     3.8873    11.8500    -7.0116    -5.4990     3.2538     0.2187    -0.1294 \n",
      "\n",
      " -107.2910    63.4841   193.5247  -114.5086   -89.8054    53.1379     3.5717    -2.1134 \n",
      "  -63.4841    37.5636   114.5086   -67.7548   -53.1379    31.4417     2.1134    -1.2505 \n",
      "  193.5247  -114.5086  -349.0678   206.5435   161.9854   -95.8468    -6.4424     3.8120 \n",
      "  114.5086   -67.7548  -206.5435   122.2118    95.8468   -56.7126    -3.8120     2.2555 \n",
      "  -89.8054    53.1379   161.9854   -95.8468   -75.1695    44.4778     2.9896    -1.7689 \n",
      "  -53.1379    31.4417    95.8468   -56.7126   -44.4778    26.3175     1.7689    -1.0467 \n",
      "    3.5717    -2.1134    -6.4424     3.8120     2.9896    -1.7689    -0.1189     0.0704 \n",
      "    2.1134    -1.2505    -3.8120     2.2555     1.7689    -1.0467    -0.0704     0.0416 \n",
      "\n",
      "   84.3227   -49.8938  -152.0960    89.9952    70.5804   -41.7624    -2.8071     1.6609 \n",
      "   73.5075   -43.4944  -132.5882    78.4525    61.5277   -36.4060    -2.4470     1.4479 \n",
      " -117.5387    69.5477   212.0090  -125.4457   -98.3831    58.2133     3.9128    -2.3152 \n",
      " -102.4632    60.6275   184.8167  -109.3561   -85.7645    50.7468     3.4110    -2.0183 \n",
      "   34.5093   -20.4191   -62.2456    36.8307    28.8852   -17.0914    -1.1488     0.6797 \n",
      "   30.0831   -17.8002   -54.2620    32.1068    25.1804   -14.8992    -1.0015     0.5926 \n",
      "   -1.2933     0.7652     2.3327    -1.3803    -1.0825     0.6405     0.0431    -0.0255 \n",
      "   -1.1274     0.6671     2.0335    -1.2032    -0.9436     0.5584     0.0375    -0.0222 \n",
      "\n",
      "  -34.7159    20.5414    62.6184   -37.0513   -29.0582    17.1937     1.1557    -0.6838 \n",
      "  -34.7159    20.5414    62.6184   -37.0513   -29.0582    17.1937     1.1557    -0.6838 \n",
      "   40.0569   -23.7016   -72.2520    42.7515    33.5287   -19.8389    -1.3335     0.7890 \n",
      "   40.0569   -23.7016   -72.2520    42.7515    33.5287   -19.8389    -1.3335     0.7890 \n",
      "  -10.9246     6.4641    19.7051   -11.6595    -9.1442     5.4106     0.3637    -0.2152 \n",
      "  -10.9246     6.4641    19.7051   -11.6595    -9.1442     5.4106     0.3637    -0.2152 \n",
      "    0.4046    -0.2394    -0.7298     0.4318     0.3387    -0.2004    -0.0135     0.0080 \n",
      "    0.4046    -0.2394    -0.7298     0.4318     0.3387    -0.2004    -0.0135     0.0080 \n",
      "\n",
      "  -38.1737     7.9897    80.5480   -16.8586   -52.5307    10.9946    10.1564    -2.1257 \n",
      "   38.1737    -7.9897   -80.5480    16.8586    52.5307   -10.9946   -10.1564     2.1257 \n",
      "   44.0465    -9.2189   -92.9400    19.4523    60.6124   -12.6861   -11.7190     2.4528 \n",
      "  -44.0465     9.2189    92.9400   -19.4523   -60.6124    12.6861    11.7190    -2.4528 \n",
      "  -12.0127     2.5142    25.3473    -5.3052   -16.5307     3.4599     3.1961    -0.6689 \n",
      "   12.0127    -2.5142   -25.3473     5.3052    16.5307    -3.4599    -3.1961     0.6689 \n",
      "    0.4449    -0.0931    -0.9388     0.1965     0.6122    -0.1281    -0.1184     0.0248 \n",
      "   -0.4449     0.0931     0.9388    -0.1965    -0.6122     0.1281     0.1184    -0.0248 \n",
      "\n",
      "   92.7213   -19.4065  -195.6457    40.9485   127.5937   -26.7053   -24.6693     5.1633 \n",
      "  -80.8289    16.9174   170.5522   -35.6964  -111.2285    23.2800    21.5052    -4.5010 \n",
      " -129.2457    27.0510   272.7135   -57.0787  -177.8548    37.2249    34.3869    -7.1972 \n",
      "  112.6686   -23.5815  -237.7353    49.7578   155.0432   -32.4504   -29.9765     6.2741 \n",
      "   37.9464    -7.9422   -80.0684    16.7583    52.2180   -10.9292   -10.0960     2.1131 \n",
      "  -33.0794     6.9235    69.7989   -14.6088   -45.5205     9.5274     8.8011    -1.8421 \n",
      "   -1.4221     0.2976     3.0006    -0.6280    -1.9569     0.4096     0.3784    -0.0792 \n",
      "    1.2397    -0.2595    -2.6157     0.5475     1.7059    -0.3570    -0.3298     0.0690 \n",
      "\n",
      " -117.9772    24.6925   248.9367   -52.1023  -162.3483    33.9794    31.3889    -6.5697 \n",
      "   69.8072   -14.6106  -147.2959    30.8289    96.0615   -20.1056   -18.5728     3.8873 \n",
      "  212.7999   -44.5389  -449.0164    93.9788   292.8337   -61.2899   -56.6173    11.8500 \n",
      " -125.9138    26.3537   265.6831   -55.6073  -173.2698    36.2652    33.5005    -7.0116 \n",
      "  -98.7501    20.6683   208.3667   -43.6110  -135.8899    28.4416    26.2733    -5.4990 \n",
      "   58.4305   -12.2294  -123.2906    25.8046    80.4061   -16.8289   -15.5459     3.2538 \n",
      "    3.9274    -0.8220    -8.2870     1.7345     5.4045    -1.1312    -1.0449     0.2187 \n",
      "   -2.3239     0.4864     4.9034    -1.0263    -3.1979     0.6693     0.6183    -0.1294 \n",
      "\n",
      "  129.7279   -27.1519  -273.7310    57.2917   178.5183   -37.3637   -34.5152     7.2240 \n",
      "  -27.1519     5.6829    57.2917   -11.9911   -37.3637     7.8202     7.2240    -1.5120 \n",
      " -273.7310    57.2917   577.5833  -120.8877  -376.6808    78.8390    72.8285   -15.2430 \n",
      "   57.2917   -11.9911  -120.8877    25.3017    78.8390   -16.5009   -15.2430     3.1903 \n",
      "  178.5183   -37.3637  -376.6808    78.8390   245.6589   -51.4162   -47.4964     9.9410 \n",
      "  -37.3637     7.8202    78.8390   -16.5009   -51.4162    10.7614     9.9410    -2.0806 \n",
      "  -34.5152     7.2240    72.8285   -15.2430   -47.4964     9.9410     9.1831    -1.9220 \n",
      "    7.2240    -1.5120   -15.2430     3.1903     9.9410    -2.0806    -1.9220     0.4023 \n",
      "\n",
      " -129.7279    27.1519   273.7310   -57.2917  -178.5183    37.3637    34.5152    -7.2240 \n",
      "  -27.1519     5.6829    57.2917   -11.9911   -37.3637     7.8202     7.2240    -1.5120 \n",
      "  273.7310   -57.2917  -577.5833   120.8877   376.6808   -78.8390   -72.8285    15.2430 \n",
      "   57.2917   -11.9911  -120.8877    25.3017    78.8390   -16.5009   -15.2430     3.1903 \n",
      " -178.5183    37.3637   376.6808   -78.8390  -245.6589    51.4162    47.4964    -9.9410 \n",
      "  -37.3637     7.8202    78.8390   -16.5009   -51.4162    10.7614     9.9410    -2.0806 \n",
      "   34.5152    -7.2240   -72.8285    15.2430    47.4964    -9.9410    -9.1831     1.9220 \n",
      "    7.2240    -1.5120   -15.2430     3.1903     9.9410    -2.0806    -1.9220     0.4023 \n",
      "\n",
      "  117.9772   -24.6925  -248.9367    52.1023   162.3483   -33.9794   -31.3889     6.5697 \n",
      "   69.8072   -14.6106  -147.2959    30.8289    96.0615   -20.1056   -18.5728     3.8873 \n",
      " -212.7999    44.5389   449.0164   -93.9788  -292.8337    61.2899    56.6173   -11.8500 \n",
      " -125.9138    26.3537   265.6831   -55.6073  -173.2698    36.2652    33.5005    -7.0116 \n",
      "   98.7501   -20.6683  -208.3667    43.6110   135.8899   -28.4416   -26.2733     5.4990 \n",
      "   58.4305   -12.2294  -123.2906    25.8046    80.4061   -16.8289   -15.5459     3.2538 \n",
      "   -3.9274     0.8220     8.2870    -1.7345    -5.4045     1.1312     1.0449    -0.2187 \n",
      "   -2.3239     0.4864     4.9034    -1.0263    -3.1979     0.6693     0.6183    -0.1294 \n",
      "\n",
      "  -92.7213    19.4065   195.6457   -40.9485  -127.5937    26.7053    24.6693    -5.1633 \n",
      "  -80.8289    16.9174   170.5522   -35.6964  -111.2285    23.2800    21.5052    -4.5010 \n",
      "  129.2457   -27.0510  -272.7135    57.0787   177.8548   -37.2249   -34.3869     7.1972 \n",
      "  112.6686   -23.5815  -237.7353    49.7578   155.0432   -32.4504   -29.9765     6.2741 \n",
      "  -37.9464     7.9422    80.0684   -16.7583   -52.2180    10.9292    10.0960    -2.1131 \n",
      "  -33.0794     6.9235    69.7989   -14.6088   -45.5205     9.5274     8.8011    -1.8421 \n",
      "    1.4221    -0.2976    -3.0006     0.6280     1.9569    -0.4096    -0.3784     0.0792 \n",
      "    1.2397    -0.2595    -2.6157     0.5475     1.7059    -0.3570    -0.3298     0.0690 \n",
      "\n",
      "   38.1737    -7.9897   -80.5480    16.8586    52.5307   -10.9946   -10.1564     2.1257 \n",
      "   38.1737    -7.9897   -80.5480    16.8586    52.5307   -10.9946   -10.1564     2.1257 \n",
      "  -44.0465     9.2189    92.9400   -19.4523   -60.6124    12.6861    11.7190    -2.4528 \n",
      "  -44.0465     9.2189    92.9400   -19.4523   -60.6124    12.6861    11.7190    -2.4528 \n",
      "   12.0127    -2.5142   -25.3473     5.3052    16.5307    -3.4599    -3.1961     0.6689 \n",
      "   12.0127    -2.5142   -25.3473     5.3052    16.5307    -3.4599    -3.1961     0.6689 \n",
      "   -0.4449     0.0931     0.9388    -0.1965    -0.6122     0.1281     0.1184    -0.0248 \n",
      "   -0.4449     0.0931     0.9388    -0.1965    -0.6122     0.1281     0.1184    -0.0248 \n",
      "\n",
      "   38.1737     7.9897   -80.5480   -16.8586    52.5307    10.9946   -10.1564    -2.1257 \n",
      "  -38.1737    -7.9897    80.5480    16.8586   -52.5307   -10.9946    10.1564     2.1257 \n",
      "  -44.0465    -9.2189    92.9400    19.4523   -60.6124   -12.6861    11.7190     2.4528 \n",
      "   44.0465     9.2189   -92.9400   -19.4523    60.6124    12.6861   -11.7190    -2.4528 \n",
      "   12.0127     2.5142   -25.3473    -5.3052    16.5307     3.4599    -3.1961    -0.6689 \n",
      "  -12.0127    -2.5142    25.3473     5.3052   -16.5307    -3.4599     3.1961     0.6689 \n",
      "   -0.4449    -0.0931     0.9388     0.1965    -0.6122    -0.1281     0.1184     0.0248 \n",
      "    0.4449     0.0931    -0.9388    -0.1965     0.6122     0.1281    -0.1184    -0.0248 \n",
      "\n",
      "  -92.7213   -19.4065   195.6457    40.9485  -127.5937   -26.7053    24.6693     5.1633 \n",
      "   80.8289    16.9174  -170.5522   -35.6964   111.2285    23.2800   -21.5052    -4.5010 \n",
      "  129.2457    27.0510  -272.7135   -57.0787   177.8548    37.2249   -34.3869    -7.1972 \n",
      " -112.6686   -23.5815   237.7353    49.7578  -155.0432   -32.4504    29.9765     6.2741 \n",
      "  -37.9464    -7.9422    80.0684    16.7583   -52.2180   -10.9292    10.0960     2.1131 \n",
      "   33.0794     6.9235   -69.7989   -14.6088    45.5205     9.5274    -8.8011    -1.8421 \n",
      "    1.4221     0.2976    -3.0006    -0.6280     1.9569     0.4096    -0.3784    -0.0792 \n",
      "   -1.2397    -0.2595     2.6157     0.5475    -1.7059    -0.3570     0.3298     0.0690 \n",
      "\n",
      "  117.9772    24.6925  -248.9367   -52.1023   162.3483    33.9794   -31.3889    -6.5697 \n",
      "  -69.8072   -14.6106   147.2959    30.8289   -96.0615   -20.1056    18.5728     3.8873 \n",
      " -212.7999   -44.5389   449.0164    93.9788  -292.8337   -61.2899    56.6173    11.8500 \n",
      "  125.9138    26.3537  -265.6831   -55.6073   173.2698    36.2652   -33.5005    -7.0116 \n",
      "   98.7501    20.6683  -208.3667   -43.6110   135.8899    28.4416   -26.2733    -5.4990 \n",
      "  -58.4305   -12.2294   123.2906    25.8046   -80.4061   -16.8289    15.5459     3.2538 \n",
      "   -3.9274    -0.8220     8.2870     1.7345    -5.4045    -1.1312     1.0449     0.2187 \n",
      "    2.3239     0.4864    -4.9034    -1.0263     3.1979     0.6693    -0.6183    -0.1294 \n",
      "\n",
      " -129.7279   -27.1519   273.7310    57.2917  -178.5183   -37.3637    34.5152     7.2240 \n",
      "   27.1519     5.6829   -57.2917   -11.9911    37.3637     7.8202    -7.2240    -1.5120 \n",
      "  273.7310    57.2917  -577.5833  -120.8877   376.6808    78.8390   -72.8285   -15.2430 \n",
      "  -57.2917   -11.9911   120.8877    25.3017   -78.8390   -16.5009    15.2430     3.1903 \n",
      " -178.5183   -37.3637   376.6808    78.8390  -245.6589   -51.4162    47.4964     9.9410 \n",
      "   37.3637     7.8202   -78.8390   -16.5009    51.4162    10.7614    -9.9410    -2.0806 \n",
      "   34.5152     7.2240   -72.8285   -15.2430    47.4964     9.9410    -9.1831    -1.9220 \n",
      "   -7.2240    -1.5120    15.2430     3.1903    -9.9410    -2.0806     1.9220     0.4023 \n",
      "\n",
      "  129.7279    27.1519  -273.7310   -57.2917   178.5183    37.3637   -34.5152    -7.2240 \n",
      "   27.1519     5.6829   -57.2917   -11.9911    37.3637     7.8202    -7.2240    -1.5120 \n",
      " -273.7310   -57.2917   577.5833   120.8877  -376.6808   -78.8390    72.8285    15.2430 \n",
      "  -57.2917   -11.9911   120.8877    25.3017   -78.8390   -16.5009    15.2430     3.1903 \n",
      "  178.5183    37.3637  -376.6808   -78.8390   245.6589    51.4162   -47.4964    -9.9410 \n",
      "   37.3637     7.8202   -78.8390   -16.5009    51.4162    10.7614    -9.9410    -2.0806 \n",
      "  -34.5152    -7.2240    72.8285    15.2430   -47.4964    -9.9410     9.1831     1.9220 \n",
      "   -7.2240    -1.5120    15.2430     3.1903    -9.9410    -2.0806     1.9220     0.4023 \n",
      "\n",
      " -117.9772   -24.6925   248.9367    52.1023  -162.3483   -33.9794    31.3889     6.5697 \n",
      "  -69.8072   -14.6106   147.2959    30.8289   -96.0615   -20.1056    18.5728     3.8873 \n",
      "  212.7999    44.5389  -449.0164   -93.9788   292.8337    61.2899   -56.6173   -11.8500 \n",
      "  125.9138    26.3537  -265.6831   -55.6073   173.2698    36.2652   -33.5005    -7.0116 \n",
      "  -98.7501   -20.6683   208.3667    43.6110  -135.8899   -28.4416    26.2733     5.4990 \n",
      "  -58.4305   -12.2294   123.2906    25.8046   -80.4061   -16.8289    15.5459     3.2538 \n",
      "    3.9274     0.8220    -8.2870    -1.7345     5.4045     1.1312    -1.0449    -0.2187 \n",
      "    2.3239     0.4864    -4.9034    -1.0263     3.1979     0.6693    -0.6183    -0.1294 \n",
      "\n",
      "   92.7213    19.4065  -195.6457   -40.9485   127.5937    26.7053   -24.6693    -5.1633 \n",
      "   80.8289    16.9174  -170.5522   -35.6964   111.2285    23.2800   -21.5052    -4.5010 \n",
      " -129.2457   -27.0510   272.7135    57.0787  -177.8548   -37.2249    34.3869     7.1972 \n",
      " -112.6686   -23.5815   237.7353    49.7578  -155.0432   -32.4504    29.9765     6.2741 \n",
      "   37.9464     7.9422   -80.0684   -16.7583    52.2180    10.9292   -10.0960    -2.1131 \n",
      "   33.0794     6.9235   -69.7989   -14.6088    45.5205     9.5274    -8.8011    -1.8421 \n",
      "   -1.4221    -0.2976     3.0006     0.6280    -1.9569    -0.4096     0.3784     0.0792 \n",
      "   -1.2397    -0.2595     2.6157     0.5475    -1.7059    -0.3570     0.3298     0.0690 \n",
      "\n",
      "  -38.1737    -7.9897    80.5480    16.8586   -52.5307   -10.9946    10.1564     2.1257 \n",
      "  -38.1737    -7.9897    80.5480    16.8586   -52.5307   -10.9946    10.1564     2.1257 \n",
      "   44.0465     9.2189   -92.9400   -19.4523    60.6124    12.6861   -11.7190    -2.4528 \n",
      "   44.0465     9.2189   -92.9400   -19.4523    60.6124    12.6861   -11.7190    -2.4528 \n",
      "  -12.0127    -2.5142    25.3473     5.3052   -16.5307    -3.4599     3.1961     0.6689 \n",
      "  -12.0127    -2.5142    25.3473     5.3052   -16.5307    -3.4599     3.1961     0.6689 \n",
      "    0.4449     0.0931    -0.9388    -0.1965     0.6122     0.1281    -0.1184    -0.0248 \n",
      "    0.4449     0.0931    -0.9388    -0.1965     0.6122     0.1281    -0.1184    -0.0248 \n",
      "\n",
      "  -34.7159   -20.5414    62.6184    37.0513   -29.0582   -17.1937     1.1557     0.6838 \n",
      "   34.7159    20.5414   -62.6184   -37.0513    29.0582    17.1937    -1.1557    -0.6838 \n",
      "   40.0569    23.7016   -72.2520   -42.7515    33.5287    19.8389    -1.3335    -0.7890 \n",
      "  -40.0569   -23.7016    72.2520    42.7515   -33.5287   -19.8389     1.3335     0.7890 \n",
      "  -10.9246    -6.4641    19.7051    11.6595    -9.1442    -5.4106     0.3637     0.2152 \n",
